Coeff = (Array1-Array2)/(2*16.5*60*0.1)*16.5*60/Unperturbed

KX_Coeff = [-0.0503386801047644,-0.00951019083153398,0.110628792002644;0.0311914078362534,-0.0959802894973680,0.0772949592914829;-0.00237490732588192,-0.000969218311901422,-0.0324572571862313];
KL_Coeff = [-2.65732958497789e-05,-5.02033652905192e-06,5.83998550075549e-05;1.64656384847370e-05,-5.06670541073560e-05,4.08032514296054e-05;-1.25369030048316e-06,-5.11640847387698e-07,-1.71338679497965e-05];
Kix_Coeff = [0.879748561877300,0.165698686978241,-1.92751594128874;-0.542765617536638,1.67455921536243,-1.34877646001798;0.0417017603593279,0.0167016648877366,0.567304999493090];
Kil_Coeff = [1.16897525342286,0.148377733741937,-1.72599573795702;-0.792299357431579,2.66946582731548,-1.95353832192907;0.0549281481924769,-0.000555769420483391,0.760433920783048];
Gc_Coeff = [-0.0278404301477119,-0.00525065457220793,0.0610790894872789;0.0171587526099966,-0.0529558952347693,0.0427041309189887;-0.00131935850600330,-0.000528541410028834,-0.0179359112091496];
Lx1_Coeff = [-0.395310841889588,-0.0747391941940578,0.869415365731332;0.293553336628724,-0.474736115493845,0.113424612674941;-0.000472335527112979,-0.0160891676540974,0.0458422391389847];
Lx2_Coeff = [0.000166377268044772,7.50162067018028e-05,-0.000872931123339524;-0.0969358919711730,-0.559051678891366,0.988819481161555;-0.0204925938609940,0.0277332467808370,0.00685101175205200];
Lx3_Coeff = [1.89067833450763e-05,8.55867694142070e-06,-9.95933644962492e-05;5.62902412045802e-06,6.23618576352293e-06,-3.97316947395590e-05;-0.00395308314042735,-0.00269889644284749,-0.151981947025190];
Kep_Coeff = [0.396565800542662,0.0747413912218152,-0.869441051028312;-0.195776730541550,1.03223781749346,-1.09840655571097;0.0252158647008692,-0.00925591679857036,0.100084383253977];
Klp_Coeff = [-0.170526189161008,-0.149691020224000,1.74135421507553;-0.156382703187894,-0.137059542248713,1.59664670968513;-0.00947468896723917,-0.00652932210395777,0.0759316525170801];